The roots of the equation are :
root1 = -0.37500 +( 1.36359)i
root2 = -0.37500 +(-1.36359)i
 
The roots of the equation are :
root1 = -0.20000 +( 1.53623)i
root2 = -0.20000 +(-1.53623)i
 
The roots of the equation are :
root1 = -0.16667 +( 1.40436)i
root2 = -0.16667 +(-1.40436)i
 
